-2959378465072970246
4723129829011791054
-7783987540840211489
-6462329463914266755
-8473096779697988017
-8684943806459746872
-5722434999368267308
-5828523057312569009
-5361410758973097215
-369651668440310848
-958265040404742737
2447109466326578758
-6981641891236884404
-5435246006647585040
3618450251133934086
7643294657101086550
8707165236260190318
3484986893193932395
6830871978354821505
-7077885674813798470
-1973757674006883845
-8954178937014134579
4154261512600255815
7037714358796660666
-6868332923136991705
5659535687139443971
9005420772300333081
7035330829892548711
7550299337434386656
7478847627253945378
