-185007352430819702
-5968311063908963355
2782110884807962968
-3659468975109342549
-1337063804744873826
-7883833726224976454
8097075225323187579
-6473928771439014893
7910534923485396368
-6237433185122075597
2490789554205124987
2356397695383601823
6238747705197687479
-3142666902657246072
-1097893159659325493
7536203806038614987
2703363803691536033
-7101086700908062616
7126602597315536439
-6824931495915867768
-7572183316811518093
-635253174643894768
5981746183769608981
-2130560759621133051
-4583176011754080314
